1 0.26 0.06
2 0.17 0.07
3 0.175 0.165
4 0.745 0.795
5 0.36 0.46
6 0.52 0.72
7 0.215 0.225
8 0.015 0.065
9 0.095 0.245
10 0.175 0.125
11 0.215 0.225
12 0.07 0.17
13 0.47 0.67
14 0.99 0.89
15 0.385 0.375
16 0.785 0.775
17 0.24 0.34
18 0.84 0.64
19 0.16 0.26
20 0.795 0.805
21 0.26 0.46
22 0.585 0.635
23 0.955 0.805
24 0.415 0.465
25 0.685 0.695
26 0.86 0.66
27 0.645 0.695
28 0.545 0.395
29 0.36 0.56
30 0.715 0.565
31 0.73 0.53
32 0.565 0.555
33 0.99 0.89
34 0.145 0.295
35 0.745 0.735
36 0.385 0.375
37 0.34 0.54
38 0.745 0.795
39 0.655 0.645
40 0.37 0.47
41 0.805 0.655
42 0.94 0.74
43 0.435 0.485
44 0.34 0.14
45 0.195 0.345
46 0.655 0.805
47 0.045 0.095
48 0.61 0.51
49 0.675 0.725
50 0.585 0.735
51 0.095 0.105
52 0.265 0.315
53 0.255 0.105
54 0.555 0.405
55 0.785 0.635
56 0.62 0.72
57 0.435 0.385
58 0.67 0.57
59 0.485 0.495
60 0.105 0.095
61 0.235 0.245
62 0.825 0.975
63 0.35 0.45
64 0.365 0.215
65 0.93 0.83
66 0.19 0.39
67 0.32 0.52
68 0.715 0.865
69 0.405 0.395
70 0.41 0.21
71 0.66 0.86
72 0.865 0.875
73 0.815 0.765
74 0.645 0.795
75 0.425 0.275
76 0.78 0.58
77 0.81 0.61
78 0.64 0.74
79 0.315 0.265
80 0.185 0.135
81 0.065 0.115
82 0.525 0.475
83 0.975 0.985
84 0.62 0.82
85 0.29 0.39
86 0.95 0.75
87 0.25 0.15
88 0.185 0.235
89 0.74 0.54
90 0.605 0.615
91 0.2 0.3
92 0.47 0.37
93 0.14 0.24
94 0.375 0.385
95 0.725 0.575
96 0.56 0.66
97 0.315 0.365
98 0.405 0.255
99 0.145 0.095
100 0.155 0.305
