1 0.355 0.365 NaN NaN
2 0.665 0.655 0.065 0.055
3 0.66 0.56 NaN NaN
4 0.26 0.36 0.86 0.96
5 0.475 0.625 NaN NaN
6 0.775 0.925 0.175 0.325
7 0.685 0.675 NaN NaN
8 0.375 0.385 0.975 0.985
9 0.495 0.505 NaN NaN
10 0.795 0.805 0.195 0.205
11 0.705 0.555 NaN NaN
12 0.255 0.405 0.855 1.005
13 0.675 0.625 NaN NaN
14 0.325 0.375 0.925 0.975
15 0.655 0.705 NaN NaN
16 1.005 0.955 0.405 0.355
17 0.575 0.585 NaN NaN
18 0.875 0.885 0.275 0.285
19 0.415 0.405 NaN NaN
20 0.115 0.105 0.715 0.705
21 0.41 0.51 NaN NaN
22 0.71 0.81 0.11 0.21
23 0.525 0.675 NaN NaN
24 0.825 0.975 0.225 0.375
25 0.37 0.57 NaN NaN
26 0.87 0.67 0.27 0.07
27 0.455 0.605 NaN NaN
28 0.905 0.755 0.305 0.155
29 0.61 0.41 NaN NaN
30 0.11 0.31 0.71 0.91
31 0.63 0.53 NaN NaN
32 0.33 0.23 0.93 0.83
33 0.51 0.31 NaN NaN
34 0.21 0.01 0.81 0.61
35 0.555 0.565 NaN NaN
36 0.865 0.855 0.265 0.255
37 0.65 0.45 NaN NaN
38 0.35 0.15 0.95 0.75
39 0.31 0.41 NaN NaN
40 0.71 0.61 0.11 0.01
41 0.525 0.575 NaN NaN
42 0.875 0.825 0.275 0.225
43 0.385 0.395 NaN NaN
44 0.685 0.695 0.085 0.095
45 0.5 0.4 NaN NaN
46 0.2 0.1 0.8 0.7
47 0.545 0.395 NaN NaN
48 0.095 0.245 0.695 0.845
49 0.635 0.685 NaN NaN
50 0.985 0.935 0.385 0.335
51 0.59 0.69 NaN NaN
52 0.89 0.99 0.29 0.39
53 0.505 0.355 NaN NaN
54 0.205 0.055 0.805 0.655
55 0.475 0.625 NaN NaN
56 0.775 0.925 0.175 0.325
57 0.325 0.475 NaN NaN
58 0.625 0.775 0.025 0.175
59 0.615 0.605 NaN NaN
60 0.305 0.315 0.905 0.915
61 0.7 0.6 NaN NaN
62 0.3 0.4 0.9 1
63 0.66 0.46 NaN NaN
64 0.16 0.36 0.76 0.96
65 0.635 0.645 NaN NaN
66 0.935 0.945 0.335 0.345
67 0.375 0.385 NaN NaN
68 0.685 0.675 0.085 0.075
69 0.405 0.355 NaN NaN
70 0.105 0.055 0.705 0.655
71 0.57 0.37 NaN NaN
72 0.27 0.07 0.87 0.67
73 0.49 0.39 NaN NaN
74 0.19 0.09 0.79 0.69
75 0.47 0.37 NaN NaN
76 0.07 0.17 0.67 0.77
77 0.52 0.32 NaN NaN
78 0.22 0.02 0.82 0.62
79 0.575 0.425 NaN NaN
80 0.125 0.275 0.725 0.875
81 0.685 0.635 NaN NaN
82 0.335 0.385 0.935 0.985
83 0.495 0.445 NaN NaN
84 0.145 0.195 0.745 0.795
85 0.555 0.705 NaN NaN
86 0.855 1.005 0.255 0.405
87 0.31 0.51 NaN NaN
88 0.81 0.61 0.21 0.01
89 0.5 0.6 NaN NaN
90 0.9 0.8 0.3 0.2
91 0.645 0.595 NaN NaN
92 0.345 0.295 0.945 0.895
93 0.605 0.555 NaN NaN
94 0.255 0.305 0.855 0.905
95 0.44 0.64 NaN NaN
96 0.94 0.74 0.34 0.14
97 0.475 0.525 NaN NaN
98 0.825 0.775 0.225 0.175
99 0.68 0.48 NaN NaN
100 0.18 0.38 0.78 0.98
